Time,0,Position,0.0,0.5,1.0,1.5,2.0,2.5,3.0,3.5,4.0,4.5,5.0,5.5
Time,1.25,Position,0.0,0.503333333333,1.00833333333,1.51333333333,2.01833333333,2.52333333333,3.02833333333,3.53333333333,4.03833333333,4.54333333333,5.04833333333,5.55166666667
Time,2.5,Position,0.0,0.503333333333,1.00833333333,1.51333333333,2.01833333333,2.52333333333,3.02833333333,3.53333333333,4.03833333333,4.54333333333,5.04833333333,5.55166666667
Time,3.75,Position,0.0,0.503333333333,1.00833333333,1.51333333333,2.01833333333,2.52333333333,3.02833333333,3.53333333333,4.03833333333,4.54333333333,5.04833333333,5.55166666667
Time,5.0,Position,0.0,0.503333333333,1.00833333333,1.51333333333,2.01833333333,2.52333333333,3.02833333333,3.53333333333,4.03833333333,4.54333333333,5.04833333333,5.55166666667

Time,0,Strain,0.0
Time,1.25,Strain,0.01
Time,2.5,Strain,0.01
Time,3.75,Strain,0.01
Time,5.0,Strain,0.01
